400753
400994
400836
400740
400902
400917
400926
400794
400990
400762
400853
400929
400758
400736
400669
400700
400704
400958
400784
400701
400711
400694
400993
400940
400830
400703
400692
400964
400686
400780
400953
400959
400924
400776
400970
400862
400884
400840
400764
400741
400682
400757
400984
400737
400985
400992
400760
400661
400803
400813
400939
400905
400743
400866
400810
400731
400812
400788
400925
400725
400739
400793
400875
400714
400988
400834
400828
400827
400782
400654
400751
400722
400768
400759
400864
400747
400729
400685
400680
400918
400877
400903
400771
400675
400728
400878
400662
400777
400951
400995
400935
400690
400858
400698
400702
400742
400670
400797
400855
400756
400890
400916
400789
400974
