400753
400994
400917
400740
400836
400926
400902
400990
400669
400853
400794
400736
400700
400762
400758
400958
400701
400940
400784
400703
400964
400711
400694
400692
400929
400686
400704
400993
400776
400780
400794
400970
400764
400953
400959
400830
400862
400682
400757
400984
400924
400992
400985
400661
400760
400803
400905
400737
400743
400840
400810
400939
400884
400725
400739
400866
400731
400812
400793
400988
400714
400828
400827
400741
400788
400834
400840
400875
400654
400751
400925
400782
400722
400864
400747
400813
400759
400680
400918
400729
400903
400675
400771
400768
400877
400878
400995
400935
400951
400685
400662
400690
400728
400858
400702
400698
400742
400797
400855
400777
400916
400756
400670
400789
400890
400974
