400794
400753
400966
400947
400875
400836
400685
400666
400902
400748
400853
400917
400813
400692
400936
400964
400772
400722
400776
400924
400777
400767
400830
400720
400822
400703
400970
400744
400866
400869
400864
400757
400784
400992
400743
400675
400918
400684
400713
400803
400765
400957
400988
400848
400959
400706
400680
400999
400724
400880
400815
400834
400714
400810
400930
400996
400934
400827
400731
400670
400793
400756
400797
400811
400828
400697
400702
400935
400783
400662
400654
400677
400723
400769
400789
400742
400770
400958
400893
400951
400993
400781
400913
400695
400686
400890
400782
400862
400819
400712
400968
400798
400726
400863
400965
400665
400987
400961
400896
400948
400755
400715
400721
400750
400894
400681
400775
400971
400944
400891
400804
400683
400938
