400966
400753
400947
400794
400875
400748
400836
400902
400685
400666
400776
400692
400917
400853
400767
400813
400936
400830
400777
400964
400924
400722
400720
400772
400744
400703
400822
400784
400757
400992
400970
400864
400866
400743
400869
400988
400684
400918
400675
400803
400957
400848
400680
400713
400934
400827
400959
400731
400999
400765
400724
400706
400815
400793
400834
400714
400996
400880
400810
400930
400828
400797
400756
400670
400811
400697
400935
400789
400677
400783
400662
400702
400654
400769
400723
400770
400742
400781
400893
400958
400951
400913
400695
400993
400686
400890
400782
400862
400819
400712
400968
400903
400726
400798
400863
400965
400665
400961
400987
400896
400715
400948
400721
400755
400681
400971
400750
400894
400775
400944
400683
400804
400938
400891
400977
400766
400831
