400343
400621
400356
400455
400556
400447
400581
400583
400389
400647
400609
400422
400349
400341
400556
400453
400452
400381
400481
400473
400472
400634
400342
400483
400434
400344
400450
400500
400575
400560
400599
400645
400408
400510
400367
400499
400659
400355
400440
400486
400551
400379
400489
400505
400653
400456
400544
400508
400635
400392
400378
400636
400477
400570
400402
400451
400352
400405
400660
400612
400371
400335
400539
400624
400437
400576
400532
400485
400412
400613
400391
400569
400585
400555
400502
400446
400623
400604
400418
400617
400488
400460
400656
400464
400498
400369
400582
