400343
400621
400356
400556
400447
400455
400581
400583
400349
400389
400609
400647
400422
400341
400452
400453
400381
400560
400473
400481
400472
400342
400344
400634
400483
400434
400599
400500
400450
400575
400499
400408
400355
400367
400645
400659
400510
400440
400486
400489
400477
400551
400456
400379
400635
400505
400544
400570
400653
400508
400636
400392
400378
400402
400451
400405
400660
400352
400612
400539
400371
400335
400624
400585
400532
400437
400576
400412
400569
400613
400391
400502
400555
400485
400446
400604
400418
400488
400623
400617
400460
400582
400656
400464
400337
400369
400428
400498
