400430
400429
400417
400361
400344
400423
400384
400383
400332
400349
400357
400391
400431
400351
400393
400412
400336
400350
400355
400376
400365
400380
400379
400374
400382
400362
400369
400412
400419
400410
400415
400440
400405
400426
400481
400493
400483
400435
400454
400459
400482
400478
400540
400546
400517
400560
400500
400581
400432
400528
400508
400432
400550
400537
400569
400591
400472
400585
400611
400606
400605
400634
400367
400339
400352
400332
400333
400335
400337
400338
400334
400343
400354
400358
400356
400385
400400
400357
400402
400366
400401
400360
400409
400381
400428
400436
400447
400448
400431
400425
400421
400439
400443
400503
400470
400456
400505
400523
400487
400389
400485
400390
400552
400495
400492
400504
400529
400558
400577
400491
400510
400527
400609
400545
400574
400593
400572
400559
400613
400590
400489
400622
400600
400576
400631
400612
400630
400636
400660
400651
400363
400370
400407
400391
400397
400375
400349
400346
400392
400398
400403
400351
400378
400393
400420
400331
400396
400383
400344
400340
400345
400342
400361
400347
400364
400359
400348
400372
400368
400404
400371
400388
400422
400423
400427
400373
400441
400399
400450
400406
400437
400460
400467
400458
400453
400445
400476
400455
400463
400414
400499
400465
400452
400469
400533
400417
400518
400563
400462
400484
400502
400520
400588
400594
400596
400509
400530
400610
400457
400542
400549
400475
400617
400561
400601
400544
400604
400571
400607
400603
400535
400628
400642
400645
400629
400341
400429
400387
400430
400598
400386
400383
400408
400384
400412
400336
400350
400355
400376
400365
400380
400379
400374
400382
400362
400369
400412
400419
400410
400415
400440
400405
400426
400481
400493
400483
400435
400454
400459
400482
400478
400540
400546
400517
400560
400500
400581
400432
400528
400508
400432
400550
400537
400569
400591
400472
400585
400611
400606
400605
400634
400367
400339
400352
400383
400344
400340
400345
400342
400361
400347
400364
400359
400348
400372
400368
400404
400371
400388
400422
400423
400427
400373
400441
400399
400450
400406
400437
400460
400467
400458
400453
400445
400476
400455
400463
400414
400499
400465
400452
400469
400533
400417
400518
400563
400462
400484
400502
400520
400588
400594
400596
400509
400530
400610
400457
400542
400549
400475
400617
400561
400601
400544
400604
400571
400607
400603
400535
400628
400642
400645
400629
400341
400429
400387
400430
400598
400386
400383
400408
400384
400332
400333
400335
400337
400338
400334
400343
400354
400358
400356
400385
400400
400357
400402
400366
400401
400360
400409
400381
400428
400436
400447
400448
400431
400425
400421
400439
400443
400503
400470
400456
400505
400523
400487
400389
400485
400390
400552
400495
400492
400504
400529
400558
400577
400491
400510
400527
400609
400545
400574
400593
400572
400559
400613
400590
400489
400622
400600
400576
400631
400612
400630
400636
400660
400651
400363
400370
400407
400391
400397
400375
400349
400346
400392
400398
400403
400351
400378
400393
400420
400331
400396
