400416
400430
400429
400417
400361
400344
400423
400384
400383
400357
400349
400395
400413
400391
400431
400351
400393
400413
400413
400395
400418
400412
400411
400424
400424
400411
400336
400350
400376
400355
400380
400365
400374
400369
400362
400379
400382
400412
400419
400410
400411
400415
400440
400435
400405
400426
400481
400483
400493
400482
400478
400517
400454
400459
400540
400424
400546
400432
400537
400560
400581
400500
400528
400508
400550
400591
400569
400472
400606
400585
400611
400605
400583
400646
400550
400626
400578
400634
400623
400339
400367
400424
400352
400424
400395
400413
400332
400335
400333
400337
400334
400338
400343
400354
400356
400358
400385
400357
400366
400400
400402
400401
400360
400428
400409
400418
400381
400436
400448
400447
400431
400439
400425
400421
400389
400390
400443
400395
400523
400503
400470
400505
400456
400487
400485
400552
400531
400492
400529
400495
400504
400558
400491
400577
400510
400534
400527
400609
400545
400574
400593
400572
400559
400582
400613
400590
400489
400622
400600
400657
400576
400618
400631
400612
400630
400636
400660
400651
400363
400370
400407
400395
400391
400397
400375
400418
400349
400392
400346
400398
400395
400403
400413
400351
400395
400378
400393
400424
400420
400331
400396
400383
400344
400340
400345
400342
400361
400347
400348
400359
400364
400368
400372
400404
400371
400388
400422
400414
400423
400427
400373
400399
400406
400441
400450
400458
400460
400453
400467
400476
400455
400445
400452
400499
400462
400463
400437
400469
400465
400533
400490
400484
400417
400530
400518
400563
400457
400502
400594
400588
400520
400475
400509
400513
400596
400584
400536
400610
400604
400549
400548
400617
400542
400561
400544
400601
400628
400571
400603
400607
400535
400642
400645
400629
400416
400341
400429
400387
400430
400598
400386
400383
400408
400384
400412
400411
400424
400424
400411
400336
400350
400376
400355
400380
400365
400374
400369
400362
400379
400382
400412
400419
400410
400411
400415
400440
400435
400405
400426
400481
400483
400493
400482
400478
400517
400454
400459
400540
400424
400546
400432
400537
400560
400581
400500
400528
400508
400550
400591
400569
400472
400606
400585
400611
400605
400583
400646
400550
400626
400578
400634
400623
400339
400367
400424
400352
400424
400383
400344
400340
400345
400342
400361
400347
400348
400359
400364
400368
400372
400404
400371
400388
400422
400414
400423
400427
400373
400399
400406
400441
400450
400458
400460
400453
400467
400476
400455
400445
400452
400499
400462
400463
400437
400469
400465
400533
400490
400484
400417
400530
400518
400563
400457
400502
400594
400588
400520
400475
400509
400513
400596
400584
400536
400610
400604
400549
400548
400617
400542
400561
400544
400601
400628
400571
400603
400607
400535
400642
400645
400629
400416
400341
400429
400387
400430
400598
400386
400383
400408
400384
400395
400413
400332
400335
400333
400337
400334
400338
400343
400354
400356
400358
400385
400357
400366
400400
400402
400401
400360
400428
400409
400418
400381
400436
400448
400447
400431
400439
400425
400421
400389
400390
400443
400395
400523
400503
400470
400505
400456
400487
400485
400552
400531
400492
400529
400495
400504
400558
400491
400577
400510
400534
400527
400609
400545
400574
400593
400572
400559
400582
400613
400590
400489
400622
400600
400657
400576
400618
400631
400612
400630
400636
400660
400651
400363
400370
400407
400395
400391
400397
400375
400418
400349
400392
400346
400398
400395
400403
400413
400351
400395
400378
400393
400424
400420
400331
400396
