600201
600203
600213
600215
600211
600222
600230
600202
600241
600257
600261
600250
600273
600234
600260
600262
600282
600278
600295
600304
600298
600371
600314
603710
603735
600283
603739
600352
603731
600324
603725
603750
603753
600256
603758
600343
600482
603792
603743
603744
603777
603800
603842
603737
603817
600300
603832
600325
603745
600415
603845
603849
603949
603851
603812
604100
604159
604160
604167
604153
604184
604192
604126
604218
604233
604216
604253
604235
604271
604242
604306
604300
604289
604228
604312
604234
604309
604330
604244
604329
604344
604355
604328
604359
604396
604378
600204
600237
600245
600317
600244
600287
600232
600264
600243
600266
600329
603741
603764
603724
603722
603746
603785
603740
603813
603730
603836
603854
603755
603914
603776
603774
603929
603834
603793
603728
603811
604071
604021
603852
604131
604176
604163
604186
604238
604146
604169
604174
604180
604311
604313
604350
604352
604341
604206
604155
604370
604386
604319
604393
604245
604265
604229
604327
604371
604356
600206
600219
600320
600249
603783
603830
603844
603808
603816
603833
603803
603856
603773
603899
603957
603757
604012
603815
604064
603904
604103
603922
603835
604132
603908
603848
603850
604136
604173
604133
604135
604191
604223
604214
604224
604237
604178
604248
604261
604277
604232
604302
604209
604286
604321
604257
604322
604326
604351
604292
604276
604372
604256
604383
600226
600258
600223
600233
600341
600347
600321
603726
600248
603738
603729
603846
603809
603853
603831
604193
604089
604347
604349
604379
604369
604388
604380
604354
604226
604390
603820
603814
604157
603855
604389
604304
600221
600265
600270
600309
600269
600268
600474
603810
603881
603893
600225
604111
604138
604134
604109
604217
604278
604331
604213
604360
604374
604318
603896
604262
603902
600208
600340
603799
604118
604203
604121
604182
600231
604106
604288
604373
603736
604144
604151
604362
604220
604264
604334
603974
600471
600210
603742
603999
604119
604287
604120
600247
603907
603941
603989
604204
604098
604189
604222
604208
604269
604399
604260
600464
603903
604197
604335
604230
