600220
600255
600216
600267
600207
600276
600291
600301
600263
600307
600290
600296
600315
600338
600327
600326
600318
600339
600349
600337
600306
600365
600362
600368
600363
600345
600355
600380
600386
600378
600372
600407
600391
600310
600387
600406
600430
600390
600445
600409
600432
600421
600410
600411
600433
600446
600428
600455
600460
600476
600451
600930
600447
600480
600478
600485
600484
600479
603732
603748
603762
603784
603720
603857
600481
603733
603864
603752
603925
603924
603872
603915
603868
603787
603723
603919
603916
603778
603956
603861
603920
603948
603877
603838
603933
603962
603789
603769
603910
603945
603963
603942
603839
603965
603927
603940
603983
603986
604006
604011
604044
604003
604000
604017
604043
603990
603947
604030
604015
604050
604061
604060
604039
604073
603978
604014
604063
604018
604065
604052
604090
604066
604049
603863
604078
604080
604141
604112
604149
604154
604145
604172
604148
604158
604150
604175
604190
604029
604194
604196
604164
604201
604183
604225
604210
604249
604227
604255
604199
604239
604283
604272
604268
604295
604296
604293
604294
604259
604284
604280
604317
604298
604332
604336
604339
604348
604353
604363
604376
604365
604385
604391
604395
604397
604340
604387
604384
604305
604398
604307
604367
604314
600431
604095
600311
604198
604324
603928
600373
604094
603988
600302
604301
604392
600303
603981
604200
600393
603931
604281
600448
603747
604337
604282
604041
604165
604168
603871
603876
603987
604185
604070
603995
604400
604310
604091
604202
603993
604343
604366
604342
600299
600328
600483
600486
603840
600379
600360
603866
603859
603797
603943
603996
603946
603969
603967
604008
604035
604048
604085
604087
604097
604045
604130
604143
604212
604107
604246
604205
604096
604266
604251
604241
604263
604274
604279
604247
604275
604250
604291
604285
604297
604299
604290
604316
604358
604338
604346
604377
604375
604381
604382
604364
600292
600426
600381
600405
600434
600427
603711
600457
600389
603874
603843
603966
603911
604051
604211
604195
604315
604252
604005
604219
604076
604156
604345
604303
604368
603959
604013
603865
604243
604270
600454
604059
604207
604009
604333
604273
604357
603994
